0 1 1 1 
0.000788643533123028 1 1 1 
0.00157728706624606 1 1.0068516015969 0.999560794769429 
0.00236593059936909 1 1.0068516015969 0.999560794769429 
0.00315457413249211 1 1.0068516015969 0.999560794769429 
0.00394321766561514 1 1.0068516015969 0.999560794769429 
0.00473186119873817 1.00001805555555 1.01370151337903 0.999123703736387 
0.0055205047318612 1.00001805555555 1.01370151337903 0.999123703736387 
0.00630914826498423 1.00001805555555 1.01370151337903 0.999123703736387 
0.00709779179810726 1.00001805555555 1.01370151337903 0.999123703736387 
0.00788643533123028 1.00005411463305 1.0205498637062 0.998688729793113 
0.00867507886435331 1.00005411463305 1.0205498637062 0.998688729793113 
0.00946372239747634 1.00005411463305 1.0205498637062 0.998688729793113 
0.0102523659305994 1.00005411463305 1.0205498637062 0.998688729793113 
0.0110410094637224 1.00010812567423 1.02739678053965 0.9982558759474 
0.0118296529968454 1.00010812567423 1.02739678053965 0.9982558759474 
0.0126182965299685 1.00010812567423 1.02739678053965 0.9982558759474 
0.0134069400630915 1.00010812567423 1.02739678053965 0.9982558759474 
0.0141955835962145 1.00018003759394 1.03424239144538 0.997825145322117 
0.0149842271293375 1.00018003759394 1.03424239144538 0.997825145322117 
0.0157728706624606 1.00018003759394 1.03424239144538 0.997825145322117 
0.0165615141955836 1.00018003759394 1.03424239144538 0.997825145322117 
0.0173501577287066 1.00026979977781 1.0410868235975 0.997396541154754 
0.0181388012618297 1.00026979977781 1.0410868235975 0.997396541154754 
0.0189274447949527 1.00026979977781 1.0410868235975 0.997396541154754 
0.0197160883280757 1.00026979977781 1.0410868235975 0.997396541154754 
0.0205047318611987 1.00037736207995 1.04793020378153 0.996970066796965 
0.0212933753943218 1.00037736207995 1.04793020378153 0.996970066796965 
0.0220820189274448 1.00037736207995 1.04793020378153 0.996970066796965 
0.0228706624605678 1.00037736207995 1.04793020378153 0.996970066796965 
0.0236593059936909 1.00050267482078 1.05477265839779 0.996545725714127 
0.0244479495268139 1.00050267482078 1.05477265839779 0.996545725714127 
0.0252365930599369 1.00050267482078 1.05477265839779 0.996545725714127 
0.0260252365930599 1.00050267482078 1.05477265839779 0.996545725714127 
0.026813880126183 1.00064568878468 1.06161431346472 0.996123521484911 
0.027602523659306 1.00064568878468 1.06161431346472 0.996123521484911 
0.028391167192429 1.00064568878468 1.06161431346472 0.996123521484911 
0.029179810725552 1.00064568878468 1.06161431346472 0.996123521484911 
0.0299684542586751 1.00080635521784 1.06845529462203 0.995703457800866 
0.0307570977917981 1.00080635521784 1.06845529462203 0.995703457800866 
0.0315457413249211 1.00080635521784 1.06845529462203 0.995703457800866 
0.0323343848580442 1.00080635521784 1.06845529462203 0.995703457800866 
0.0331230283911672 1.00098462582601 1.07529572713411 0.995285538466007 
0.0339116719242902 1.00098462582601 1.07529572713411 0.995285538466007 
0.0347003154574132 1.00098462582601 1.07529572713411 0.995285538466007 
0.0354889589905363 1.00098462582601 1.07529572713411 0.995285538466007 
0.0362776025236593 1.00118045277232 1.08213573589326 0.994869767396414 
0.0370662460567823 1.00118045277232 1.08213573589326 0.994869767396414 
0.0378548895899054 1.00118045277232 1.08213573589326 0.994869767396414 
0.0386435331230284 1.00118045277232 1.08213573589326 0.994869767396414 
0.0394321766561514 1.00139378867505 1.08897544542289 0.994456148619851 
0.0402208201892744 1.00139378867505 1.08897544542289 0.994456148619851 
0.0410094637223975 1.00139378867505 1.08897544542289 0.994456148619851 
0.0417981072555205 1.00139378867505 1.08897544542289 0.994456148619851 
0.0425867507886435 1.00162458660553 1.09581497988081 0.994044686275383 
0.0433753943217666 1.00162458660553 1.09581497988081 0.994044686275383 
0.0441640378548896 1.00162458660553 1.09581497988081 0.994044686275383 
0.0449526813880126 1.00162458660553 1.09581497988081 0.994044686275383 
0.0457413249211356 1.0018728000859 1.10265446306239 0.993635384613013 
0.0465299684542587 1.0018728000859 1.10265446306239 0.993635384613013 
0.0473186119873817 1.0018728000859 1.10265446306239 0.993635384613013 
0.0481072555205047 1.0018728000859 1.10265446306239 0.993635384613013 
0.0488958990536278 1.00213838308705 1.10949401840376 0.993228247993322 
0.0496845425867508 1.00213838308705 1.10949401840376 0.993228247993322 
0.0504731861198738 1.00213838308705 1.10949401840376 0.993228247993322 
0.0512618296529968 1.00213838308705 1.10949401840376 0.993228247993322 
0.0520504731861199 1.00242129002643 1.11633376898505 0.992823280887122 
0.0528391167192429 1.00242129002643 1.11633376898505 0.992823280887122 
0.0536277602523659 1.00242129002643 1.11633376898505 0.992823280887122 
0.054416403785489 1.00242129002643 1.11633376898505 0.992823280887122 
0.055205047318612 1.00272147576594 1.1231738375334 0.992420487875127 
0.055993690851735 1.00272147576594 1.1231738375334 0.992420487875127 
0.056782334384858 1.00272147576594 1.1231738375334 0.992420487875127 
0.0575709779179811 1.00272147576594 1.1231738375334 0.992420487875127 
0.0583596214511041 1.00303889560988 1.13001434642627 0.992019873647618 
0.0591482649842271 1.00303889560988 1.13001434642627 0.992019873647618 
0.0599369085173502 1.00303889560988 1.13001434642627 0.992019873647618 
0.0607255520504732 1.00303889560988 1.13001434642627 0.992019873647618 
0.0615141955835962 1.0033735053028 1.13685541769449 0.991621443004129 
0.0623028391167192 1.0033735053028 1.13685541769449 0.991621443004129 
0.0630914826498423 1.0033735053028 1.13685541769449 0.991621443004129 
0.0638801261829653 1.0033735053028 1.13685541769449 0.991621443004129 
0.0646687697160883 1.00372526102745 1.1436971730254 0.991225200853139 
0.0654574132492114 1.00372526102745 1.1436971730254 0.991225200853139 
0.0662460567823344 1.00372526102745 1.1436971730254 0.991225200853139 
0.0670347003154574 1.00372526102745 1.1436971730254 0.991225200853139 
0.0678233438485804 1.00409411940275 1.15053973376595 0.990831152211778 
0.0686119873817035 1.00409411940275 1.15053973376595 0.990831152211778 
0.0694006309148265 1.00409411940275 1.15053973376595 0.990831152211778 
0.0701892744479495 1.00409411940275 1.15053973376595 0.990831152211778 
0.0709779179810726 1.00448003748168 1.15738322092577 0.990439302205534 
0.0717665615141956 1.00448003748168 1.15738322092577 0.990439302205534 
0.0725552050473186 1.00448003748168 1.15738322092577 0.990439302205534 
0.0733438485804416 1.00448003748168 1.15738322092577 0.990439302205534 
0.0741324921135647 1.00488297274932 1.16422775518029 0.99004965606798 
0.0749211356466877 1.00488297274932 1.16422775518029 0.99004965606798 
0.0757097791798107 1.00488297274932 1.16422775518029 0.99004965606798 
0.0764984227129338 1.00488297274932 1.16422775518029 0.99004965606798 
0.0772870662460568 1.00530288312077 1.17107345687369 0.989662219140504 
0.0780757097791798 1.00530288312077 1.17107345687369 0.989662219140504 
0.0788643533123028 1.00530288312077 1.17107345687369 0.989662219140504 
0.0796529968454259 1.00530288312077 1.17107345687369 0.989662219140504 
0.0804416403785489 1.00573972693917 1.17792044602204 0.98927699687205 
0.0812302839116719 1.00573972693917 1.17792044602204 0.98927699687205 
0.082018927444795 1.00573972693917 1.17792044602204 0.98927699687205 
0.082807570977918 1.00573972693917 1.17792044602204 0.98927699687205 
0.083596214511041 1.00619346297372 1.18476884231629 0.988893994818867 
0.084384858044164 1.00619346297372 1.18476884231629 0.988893994818867 
0.0851735015772871 1.00619346297372 1.18476884231629 0.988893994818867 
0.0859621451104101 1.00619346297372 1.18476884231629 0.988893994818867 
0.0867507886435331 1.00666405041767 1.19161876512529 0.988513218644268 
0.0875394321766561 1.00666405041767 1.19161876512529 0.988513218644268 
0.0883280757097792 1.00666405041767 1.19161876512529 0.988513218644268 
0.0891167192429022 1.00666405041767 1.19161876512529 0.988513218644268 
0.0899053627760252 1.00715144888639 1.19847033349878 0.9881346741184 
0.0906940063091483 1.00715144888639 1.19847033349878 0.9881346741184 
0.0914826498422713 1.00715144888639 1.19847033349878 0.9881346741184 
0.0922712933753943 1.00715144888639 1.19847033349878 0.9881346741184 
0.0930599369085173 1.00765561841536 1.20532366617038 0.987758367118022 
0.0938485804416404 1.00765561841536 1.20532366617038 0.987758367118022 
0.0946372239747634 1.00765561841536 1.20532366617038 0.987758367118022 
0.0954258675078864 1.00765561841536 1.20532366617038 0.987758367118022 
0.0962145110410095 1.0081765194583 1.21217888156056 0.987384303626289 
0.0970031545741325 1.0081765194583 1.21217888156056 0.987384303626289 
0.0977917981072555 1.0081765194583 1.21217888156056 0.987384303626289 
0.0985804416403785 1.0081765194583 1.21217888156056 0.987384303626289 
0.0993690851735016 1.00871411288521 1.21903609777955 0.987012489732554 
0.100157728706625 1.00871411288521 1.21903609777955 0.987012489732554 
0.100946372239748 1.00871411288521 1.21903609777955 0.987012489732554 
0.101735015772871 1.00871411288521 1.21903609777955 0.987012489732554 
0.102523659305994 1.00926835998043 1.22589543263031 0.986642931632167 
0.103312302839117 1.00926835998043 1.22589543263031 0.986642931632167 
0.10410094637224 1.00926835998043 1.22589543263031 0.986642931632167 
0.104889589905363 1.00926835998043 1.22589543263031 0.986642931632167 
0.105678233438486 1.00983922244078 1.23275700361148 0.98627563562629 
0.106466876971609 1.00983922244078 1.23275700361148 0.98627563562629 
0.107255520504732 1.00983922244078 1.23275700361148 0.98627563562629 
0.108044164037855 1.00983922244078 1.23275700361148 0.98627563562629 
0.108832807570978 1.01042666237364 1.23962092792027 0.98591060812172 
0.109621451104101 1.01042666237364 1.23962092792027 0.98591060812172 
0.110410094637224 1.01042666237364 1.23962092792027 0.98591060812172 
0.111198738170347 1.01042666237364 1.23962092792027 0.98591060812172 
0.11198738170347 1.01103064229511 1.24648732245532 0.985547855630717 
0.112776025236593 1.01103064229511 1.24648732245532 0.985547855630717 
0.113564668769716 1.01103064229511 1.24648732245532 0.985547855630717 
0.114353312302839 1.01103064229511 1.24648732245532 0.985547855630717 
0.115141955835962 1.01165112512811 1.25335630381965 0.985187384770851 
0.115930599369085 1.01165112512811 1.25335630381965 0.985187384770851 
0.116719242902208 1.01165112512811 1.25335630381965 0.985187384770851 
0.117507886435331 1.01165112512811 1.25335630381965 0.985187384770851 
0.118296529968454 1.01228807420054 1.26022798832351 0.984829202264841 
0.119085173501577 1.01228807420054 1.26022798832351 0.984829202264841 
0.1198738170347 1.01228807420054 1.26022798832351 0.984829202264841 
0.120662460567823 1.01228807420054 1.26022798832351 0.984829202264841 
0.121451104100946 1.01294145324344 1.26710249198715 0.984473314940419 
0.122239747634069 1.01294145324344 1.26710249198715 0.984473314940419 
0.123028391167192 1.01294145324344 1.26710249198715 0.984473314940419 
0.123817034700315 1.01294145324344 1.26710249198715 0.984473314940419 
0.124605678233438 1.01361122638918 1.27397993054377 0.984119729730194 
0.125394321766562 1.01361122638918 1.27397993054377 0.984119729730194 
0.126182965299685 1.01361122638918 1.27397993054377 0.984119729730194 
0.126971608832808 1.01361122638918 1.27397993054377 0.984119729730194 
0.127760252365931 1.01429735816963 1.28086041944228 0.983768453671523 
0.128548895899054 1.01429735816963 1.28086041944228 0.983768453671523 
0.129337539432177 1.01429735816963 1.28086041944228 0.983768453671523 
0.1301261829653 1.01429735816963 1.28086041944228 0.983768453671523 
0.130914826498423 1.01499981351436 1.28774407385017 0.983419493906394 
0.131703470031546 1.01499981351436 1.28774407385017 0.983419493906394 
0.132492113564669 1.01499981351436 1.28774407385017 0.983419493906394 
0.133280757097792 1.01499981351436 1.28774407385017 0.983419493906394 
0.134069400630915 1.01571855774885 1.29463100865625 0.983072857681318 
0.134858044164038 1.01571855774885 1.29463100865625 0.983072857681318 
0.135646687697161 1.01571855774885 1.29463100865625 0.983072857681318 
0.136435331230284 1.01571855774885 1.29463100865625 0.983072857681318 
0.137223974763407 1.01645355659271 1.30152133847348 0.982728552347226 
0.13801261829653 1.01645355659271 1.30152133847348 0.982728552347226 
0.138801261829653 1.01645355659271 1.30152133847348 0.982728552347226 
0.139589905362776 1.01645355659271 1.30152133847348 0.982728552347226 
0.140378548895899 1.01720477615793 1.30841517764176 0.982386585359375 
0.141167192429022 1.01720477615793 1.30841517764176 0.982386585359375 
0.141955835962145 1.01720477615793 1.30841517764176 0.982386585359375 
0.142744479495268 1.01720477615793 1.30841517764176 0.982386585359375 
0.143533123028391 1.0179721829471 1.31531264023057 0.982046964277268 
0.144321766561514 1.0179721829471 1.31531264023057 0.982046964277268 
0.145110410094637 1.0179721829471 1.31531264023057 0.982046964277268 
0.14589905362776 1.0179721829471 1.31531264023057 0.982046964277268 
0.146687697160883 1.0187557438517 1.32221384004186 0.98170969676457 
0.147476340694006 1.0187557438517 1.32221384004186 0.98170969676457 
0.148264984227129 1.0187557438517 1.32221384004186 0.98170969676457 
0.149053627760252 1.0187557438517 1.32221384004186 0.98170969676457 
0.149842271293375 1.01955542615034 1.3291188906127 0.981374790589044 
0.150630914826498 1.01955542615034 1.3291188906127 0.981374790589044 
0.151419558359621 1.01955542615034 1.3291188906127 0.981374790589044 
0.152208201892744 1.01955542615034 1.3291188906127 0.981374790589044 
0.152996845425868 1.02037119750705 1.33602790521805 0.981042253622487 
0.153785488958991 1.02037119750705 1.33602790521805 0.981042253622487 
0.154574132492114 1.02037119750705 1.33602790521805 0.981042253622487 
0.155362776025237 1.02037119750705 1.33602790521805 0.981042253622487 
0.15615141955836 1.0212030259696 1.34294099687343 0.98071209384068 
0.156940063091483 1.0212030259696 1.34294099687343 0.98071209384068 
0.157728706624606 1.0212030259696 1.34294099687343 0.98071209384068 
0.158517350157729 1.0212030259696 1.34294099687343 0.98071209384068 
0.159305993690852 1.02205087996777 1.34985827833762 0.980384319323338 
0.160094637223975 1.02205087996777 1.34985827833762 0.980384319323338 
0.160883280757098 1.02205087996777 1.34985827833762 0.980384319323338 
0.161671924290221 1.02205087996777 1.34985827833762 0.980384319323338 
0.162460567823344 1.02291472831167 1.35677986211536 0.980058938254079 
0.163249211356467 1.02291472831167 1.35677986211536 0.980058938254079 
0.16403785488959 1.02291472831167 1.35677986211536 0.980058938254079 
0.164826498422713 1.02291472831167 1.35677986211536 0.980058938254079 
0.165615141955836 1.0237945401901 1.36370586046003 0.979735958920386 
0.166403785488959 1.0237945401901 1.36370586046003 0.979735958920386 
0.167192429022082 1.0237945401901 1.36370586046003 0.979735958920386 
0.167981072555205 1.0237945401901 1.36370586046003 0.979735958920386 
0.168769716088328 1.02469028516886 1.37063638537624 0.979415389713596 
0.169558359621451 1.02469028516886 1.37063638537624 0.979415389713596 
0.170347003154574 1.02469028516886 1.37063638537624 0.979415389713596 
0.171135646687697 1.02469028516886 1.37063638537624 0.979415389713596 
0.17192429022082 1.0256019331891 1.3775715486225 0.979097239128876 
0.172712933753943 1.0256019331891 1.3775715486225 0.979097239128876 
0.173501577287066 1.0256019331891 1.3775715486225 0.979097239128876 
0.174290220820189 1.0256019331891 1.3775715486225 0.979097239128876 
0.175078864353312 1.02652945456571 1.38451146171392 0.97878151576522 
0.175867507886435 1.02652945456571 1.38451146171392 0.97878151576522 
0.176656151419558 1.02652945456571 1.38451146171392 0.97878151576522 
0.177444794952681 1.02652945456571 1.38451146171392 0.97878151576522 
0.178233438485804 1.02747281998565 1.39145623592475 0.978468228325452 
0.179022082018927 1.02747281998565 1.39145623592475 0.978468228325452 
0.17981072555205 1.02747281998565 1.39145623592475 0.978468228325452 
0.180599369085173 1.02747281998565 1.39145623592475 0.978468228325452 
0.181388012618297 1.02843200050638 1.39840598229099 0.978157385616232 
0.18217665615142 1.02843200050638 1.39840598229099 0.978157385616232 
0.182965299684543 1.02843200050638 1.39840598229099 0.978157385616232 
0.183753943217666 1.02843200050638 1.39840598229099 0.978157385616232 
0.184542586750789 1.02940696755423 1.40536081161304 0.97784899654807 
0.185331230283912 1.02940696755423 1.40536081161304 0.97784899654807 
0.186119873817035 1.02940696755423 1.40536081161304 0.97784899654807 
0.186908517350158 1.02940696755423 1.40536081161304 0.97784899654807 
0.187697160883281 1.03039769292281 1.41232083445827 0.977543070135352 
0.188485804416404 1.03039769292281 1.41232083445827 0.977543070135352 
0.189274447949527 1.03039769292281 1.41232083445827 0.977543070135352 
0.19006309148265 1.03039769292281 1.41232083445827 0.977543070135352 
0.190851735015773 1.03140414877145 1.41928616116348 0.977239615496376 
0.191640378548896 1.03140414877145 1.41928616116348 0.977239615496376 
0.192429022082019 1.03140414877145 1.41928616116348 0.977239615496376 
0.193217665615142 1.03140414877145 1.41928616116348 0.977239615496376 
0.194006309148265 1.03242630762357 1.42625690183758 0.97693864185338 
0.194794952681388 1.03242630762357 1.42625690183758 0.97693864185338 
0.195583596214511 1.03242630762357 1.42625690183758 0.97693864185338 
0.196372239747634 1.03242630762357 1.42625690183758 0.97693864185338 
0.197160883280757 1.0334641423652 1.43323316636411 0.976640158532594 
0.19794952681388 1.0334641423652 1.43323316636411 0.976640158532594 
0.198738170347003 1.0334641423652 1.43323316636411 0.976640158532594 
0.199526813880126 1.0334641423652 1.43323316636411 0.976640158532594 
0.200315457413249 1.03451762624337 1.44021506440375 0.976344174964292 
0.201104100946372 1.03451762624337 1.44021506440375 0.976344174964292 
0.201892744479495 1.03451762624337 1.44021506440375 0.976344174964292 
0.202681388012618 1.03451762624337 1.44021506440375 0.976344174964292 
0.203470031545741 1.03558673286458 1.44720270539683 0.976050700682851 
0.204258675078864 1.03558673286458 1.44720270539683 0.976050700682851 
0.205047318611987 1.03558673286458 1.44720270539683 0.976050700682851 
0.20583596214511 1.03558673286458 1.44720270539683 0.976050700682851 
0.206624605678233 1.03667143619332 1.4541961985659 0.975759745326816 
0.207413249211356 1.03667143619332 1.4541961985659 0.975759745326816 
0.208201892744479 1.03667143619332 1.4541961985659 0.975759745326816 
0.208990536277603 1.03667143619332 1.4541961985659 0.975759745326816 
0.209779179810726 1.03777171055048 1.46119565291818 0.97547131863898 
0.210567823343849 1.03777171055048 1.46119565291818 0.97547131863898 
0.211356466876972 1.03777171055048 1.46119565291818 0.97547131863898 
0.212145110410095 1.03777171055048 1.46119565291818 0.97547131863898 
0.212933753943218 1.03888753061191 1.46820117724801 0.975185430466463 
0.213722397476341 1.03888753061191 1.46820117724801 0.975185430466463 
0.214511041009464 1.03888753061191 1.46820117724801 0.975185430466463 
0.215299684542587 1.03888753061191 1.46820117724801 0.975185430466463 
0.21608832807571 1.04001887140686 1.47521288013937 0.974902090760798 
0.216876971608833 1.04001887140686 1.47521288013937 0.974902090760798 
0.217665615141956 1.04001887140686 1.47521288013937 0.974902090760798 
0.218454258675079 1.04001887140686 1.47521288013937 0.974902090760798 
0.219242902208202 1.04116570831655 1.48223086996838 0.974621309578031 
0.220031545741325 1.04116570831655 1.48223086996838 0.974621309578031 
0.220820189274448 1.04116570831655 1.48223086996838 0.974621309578031 
0.221608832807571 1.04116570831655 1.48223086996838 0.974621309578031 
0.222397476340694 1.04232801707267 1.48925525490566 0.974343097078821 
0.223186119873817 1.04232801707267 1.48925525490566 0.974343097078821 
0.22397476340694 1.04232801707267 1.48925525490566 0.974343097078821 
0.224763406940063 1.04232801707267 1.48925525490566 0.974343097078821 
0.225552050473186 1.04350577375592 1.49628614291885 0.97406746352855 
0.226340694006309 1.04350577375592 1.49628614291885 0.97406746352855 
0.227129337539432 1.04350577375592 1.49628614291885 0.97406746352855 
0.227917981072555 1.04350577375592 1.49628614291885 0.97406746352855 
0.228706624605678 1.04469895479454 1.50332364177501 0.973794419297441 
0.229495268138801 1.04469895479454 1.50332364177501 0.973794419297441 
0.230283911671924 1.04469895479454 1.50332364177501 0.973794419297441 
0.231072555205047 1.04469895479454 1.50332364177501 0.973794419297441 
0.23186119873817 1.04590753696289 1.51036785904304 0.973523974860678 
0.232649842271293 1.04590753696289 1.51036785904304 0.973523974860678 
0.233438485804416 1.04590753696289 1.51036785904304 0.973523974860678 
0.234227129337539 1.04590753696289 1.51036785904304 0.973523974860678 
0.235015772870662 1.04713149737999 1.51741890209602 0.973256140798542 
0.235804416403785 1.04713149737999 1.51741890209602 0.973256140798542 
0.236593059936909 1.04713149737999 1.51741890209602 0.973256140798542 
0.237381703470032 1.04713149737999 1.51741890209602 0.973256140798542 
0.238170347003155 1.04837081350813 1.52447687811371 0.972990927796547 
0.238958990536278 1.04837081350813 1.52447687811371 0.972990927796547 
0.239747634069401 1.04837081350813 1.52447687811371 0.972990927796547 
0.240536277602524 1.04837081350813 1.52447687811371 0.972990927796547 
0.241324921135647 1.04962546315143 1.53154189408487 0.972728346645578 
0.24211356466877 1.04962546315143 1.53154189408487 0.972728346645578 
0.242902208201893 1.04962546315143 1.53154189408487 0.972728346645578 
0.243690851735016 1.04962546315143 1.53154189408487 0.972728346645578 
0.244479495268139 1.05089542445441 1.53861405680963 0.972468408242052 
0.245268138801262 1.05089542445441 1.53861405680963 0.972468408242052 
0.246056782334385 1.05089542445441 1.53861405680963 0.972468408242052 
0.246845425867508 1.05089542445441 1.53861405680963 0.972468408242052 
0.247634069400631 1.05218067590068 1.54569347290192 0.972211123588066 
0.248422712933754 1.05218067590068 1.54569347290192 0.972211123588066 
0.249211356466877 1.05218067590068 1.54569347290192 0.972211123588066 
0.25 1.05218067590068 1.54569347290192 0.972211123588066 
0.250788643533123 1.05348119631146 1.55278024879171 0.971956503791567 
0.251577287066246 1.05348119631146 1.55278024879171 0.971956503791567 
0.252365930599369 1.05348119631146 1.55278024879171 0.971956503791567 
0.253154574132492 1.05348119631146 1.55278024879171 0.971956503791567 
0.253943217665615 1.05479696484427 1.55987449072748 0.971704560066523 
0.254731861198738 1.05479696484427 1.55987449072748 0.971704560066523 
0.255520504731861 1.05479696484427 1.55987449072748 0.971704560066523 
0.256309148264984 1.05479696484427 1.55987449072748 0.971704560066523 
0.257097791798107 1.05612796099155 1.56697630477839 0.9714553037331 
0.25788643533123 1.05612796099155 1.56697630477839 0.9714553037331 
0.258675078864353 1.05612796099155 1.56697630477839 0.9714553037331 
0.259463722397476 1.05612796099155 1.56697630477839 0.9714553037331 
0.260252365930599 1.05747416457927 1.57408579683672 0.971208746217847 
0.261041009463722 1.05747416457927 1.57408579683672 0.971208746217847 
0.261829652996845 1.05747416457927 1.57408579683672 0.971208746217847 
0.262618296529968 1.05747416457927 1.57408579683672 0.971208746217847 
0.263406940063091 1.05883555576564 1.58120307262015 0.970964899053884 
0.264195583596214 1.05883555576564 1.58120307262015 0.970964899053884 
0.264984227129338 1.05883555576564 1.58120307262015 0.970964899053884 
0.265772870662461 1.05883555576564 1.58120307262015 0.970964899053884 
0.266561514195584 1.06021211503974 1.58832823767402 0.970723773881105 
0.267350157728707 1.06021211503974 1.58832823767402 0.970723773881105 
0.26813880126183 1.06021211503974 1.58832823767402 0.970723773881105 
0.268927444794953 1.06021211503974 1.58832823767402 0.970723773881105 
0.269716088328076 1.0616038232202 1.59546139737367 0.970485382446379 
0.270504731861199 1.0616038232202 1.59546139737367 0.970485382446379 
0.271293375394322 1.0616038232202 1.59546139737367 0.970485382446379 
0.272082018927445 1.0616038232202 1.59546139737367 0.970485382446379 
0.272870662460568 1.06301066145389 1.60260265692667 0.970249736603761 
0.273659305993691 1.06301066145389 1.60260265692667 0.970249736603761 
0.274447949526814 1.06301066145389 1.60260265692667 0.970249736603761 
0.275236593059937 1.06301066145389 1.60260265692667 0.970249736603761 
0.27602523659306 1.0644326112146 1.60975212137512 0.970016848314709 
0.276813880126183 1.0644326112146 1.60975212137512 0.970016848314709 
0.277602523659306 1.0644326112146 1.60975212137512 0.970016848314709 
0.278391167192429 1.0644326112146 1.60975212137512 0.970016848314709 
0.279179810725552 1.06586965430178 1.6169098955979 0.96978672964831 
0.279968454258675 1.06586965430178 1.6169098955979 0.96978672964831 
0.280757097791798 1.06586965430178 1.6169098955979 0.96978672964831 
0.281545741324921 1.06586965430178 1.6169098955979 0.96978672964831 
0.282334384858044 1.06732177283918 1.62407608431284 0.96955939278151 
0.283123028391167 1.06732177283918 1.62407608431284 0.96955939278151 
0.28391167192429 1.06732177283918 1.62407608431284 0.96955939278151 
0.284700315457413 1.06732177283918 1.62407608431284 0.96955939278151 
0.285488958990536 1.06878894927363 1.63125079207905 0.969334849999349 
0.286277602523659 1.06878894927363 1.63125079207905 0.969334849999349 
0.287066246056782 1.06878894927363 1.63125079207905 0.969334849999349 
0.287854889589905 1.06878894927363 1.63125079207905 0.969334849999349 
0.288643533123028 1.07027116637378 1.6384341232991 0.969113113695205 
0.289432176656151 1.07027116637378 1.6384341232991 0.969113113695205 
0.290220820189274 1.07027116637378 1.6384341232991 0.969113113695205 
0.291009463722397 1.07027116637378 1.6384341232991 0.969113113695205 
0.291798107255521 1.07176840722877 1.64562618222124 0.968894196371046 
0.292586750788644 1.07176840722877 1.64562618222124 0.968894196371046 
0.293375394321767 1.07176840722877 1.64562618222124 0.968894196371046 
0.29416403785489 1.07176840722877 1.64562618222124 0.968894196371046 
0.294952681388013 1.07328065524705 1.65282707294163 0.968678110637681 
0.295741324921136 1.07328065524705 1.65282707294163 0.968678110637681 
0.296529968454259 1.07328065524705 1.65282707294163 0.968678110637681 
0.297318611987382 1.07328065524705 1.65282707294163 0.968678110637681 
0.298107255520505 1.07480789415511 1.66003689940647 0.968464869215027 
0.298895899053628 1.07480789415511 1.66003689940647 0.968464869215027 
0.299684542586751 1.07480789415511 1.66003689940647 0.968464869215027 
0.300473186119874 1.07480789415511 1.66003689940647 0.968464869215027 
0.301261829652997 1.07635010799624 1.66725576541428 0.968254484932377 
0.30205047318612 1.07635010799624 1.66725576541428 0.968254484932377 
0.302839116719243 1.07635010799624 1.66725576541428 0.968254484932377 
0.303627760252366 1.07635010799624 1.66725576541428 0.968254484932377 
0.304416403785489 1.07790728112932 1.67448377461794 0.968046970728673 
0.305205047318612 1.07790728112932 1.67448377461794 0.968046970728673 
0.305993690851735 1.07790728112932 1.67448377461794 0.968046970728673 
0.306782334384858 1.07790728112932 1.67448377461794 0.968046970728673 
0.307570977917981 1.07947939822758 1.68172103052694 0.967842339652792 
0.308359621451104 1.07947939822758 1.68172103052694 0.967842339652792 
0.309148264984227 1.07947939822758 1.68172103052694 0.967842339652792 
0.30993690851735 1.07947939822758 1.68172103052694 0.967842339652792 
0.310725552050473 1.08106644427742 1.68896763650955 0.967640604863827 
0.311514195583596 1.08106644427742 1.68896763650955 0.967640604863827 
0.312302839116719 1.08106644427742 1.68896763650955 0.967640604863827 
0.313091482649842 1.08106644427742 1.68896763650955 0.967640604863827 
0.313880126182965 1.08266840457722 1.69622369579491 0.967441779631386 
0.314668769716088 1.08266840457722 1.69622369579491 0.967441779631386 
0.315457413249211 1.08266840457722 1.69622369579491 0.967441779631386 
0.316246056782334 1.08266840457722 1.69622369579491 0.967441779631386 
0.317034700315457 1.0842852647361 1.7034893114752 0.967245877335892 
0.31782334384858 1.0842852647361 1.7034893114752 0.967245877335892 
0.318611987381703 1.0842852647361 1.7034893114752 0.967245877335892 
0.319400630914827 1.0842852647361 1.7034893114752 0.967245877335892 
0.32018927444795 1.08591701067281 1.71076458650776 0.967052911468889 
0.320977917981073 1.08591701067281 1.71076458650776 0.967052911468889 
0.321766561514196 1.08591701067281 1.71076458650776 0.967052911468889 
0.322555205047319 1.08591701067281 1.71076458650776 0.967052911468889 
0.323343848580442 1.08756362861452 1.71804962371722 0.96686289563335 
0.324132492113565 1.08756362861452 1.71804962371722 0.96686289563335 
0.324921135646688 1.08756362861452 1.71804962371722 0.96686289563335 
0.325709779179811 1.08756362861452 1.71804962371722 0.96686289563335 
0.326498422712934 1.08922510509563 1.72534452579751 0.966675843544007 
0.327287066246057 1.08922510509563 1.72534452579751 0.966675843544007 
0.32807570977918 1.08922510509563 1.72534452579751 0.966675843544007 
0.328864353312303 1.08922510509563 1.72534452579751 0.966675843544007 
0.329652996845426 1.09090142695667 1.73264939531406 0.966491769027665 
0.330441640378549 1.09090142695667 1.73264939531406 0.966491769027665 
0.331230283911672 1.09090142695667 1.73264939531406 0.966491769027665 
0.332018927444795 1.09090142695667 1.73264939531406 0.966491769027665 
0.332807570977918 1.09259258134314 1.73996433470587 0.966310686023539 
0.333596214511041 1.09259258134314 1.73996433470587 0.966310686023539 
0.334384858044164 1.09259258134314 1.73996433470587 0.966310686023539 
0.335173501577287 1.09259258134314 1.73996433470587 0.966310686023539 
0.33596214511041 1.09429855570435 1.74728944628756 0.966132608583592 
0.336750788643533 1.09429855570435 1.74728944628756 0.966132608583592 
0.337539432176656 1.09429855570435 1.74728944628756 0.966132608583592 
0.338328075709779 1.09429855570435 1.74728944628756 0.966132608583592 
0.339116719242902 1.0960193377923 1.75462483225144 0.965957550872875 
0.339905362776025 1.0960193377923 1.75462483225144 0.965957550872875 
0.340694006309148 1.0960193377923 1.75462483225144 0.965957550872875 
0.341482649842271 1.0960193377923 1.75462483225144 0.965957550872875 
0.342271293375394 1.0977549156606 1.76197059466958 0.965785527169881 
0.343059936908517 1.0977549156606 1.76197059466958 0.965785527169881 
0.34384858044164 1.0977549156606 1.76197059466958 0.965785527169881 
0.344637223974763 1.0977549156606 1.76197059466958 0.965785527169881 
0.345425867507886 1.09950527766329 1.76932683549591 0.965616551866897 
0.346214511041009 1.09950527766329 1.76932683549591 0.965616551866897 
0.347003154574132 1.09950527766329 1.76932683549591 0.965616551866897 
0.347791798107256 1.09950527766329 1.76932683549591 0.965616551866897 
0.348580441640379 1.1012704124538 1.77669365656812 0.965450639470371 
0.349369085173502 1.1012704124538 1.77669365656812 0.965450639470371 
0.350157728706625 1.1012704124538 1.77669365656812 0.965450639470371 
0.350946372239748 1.1012704124538 1.77669365656812 0.965450639470371 
0.351735015772871 1.10305030898379 1.78407115960978 0.965287804601275 
0.352523659305994 1.10305030898379 1.78407115960978 0.965287804601275 
0.353312302839117 1.10305030898379 1.78407115960978 0.965287804601275 
0.35410094637224 1.10305030898379 1.78407115960978 0.965287804601275 
0.354889589905363 1.10484495650213 1.7914594462324 0.965128061995484 
0.355678233438486 1.10484495650213 1.7914594462324 0.965128061995484 
0.356466876971609 1.10484495650213 1.7914594462324 0.965128061995484 
0.357255520504732 1.10484495650213 1.7914594462324 0.965128061995484 
0.358044164037855 1.10665434455378 1.79885861793738 0.964971426504153 
0.358832807570978 1.10665434455378 1.79885861793738 0.964971426504153 
0.359621451104101 1.10665434455378 1.79885861793738 0.964971426504153 
0.360410094637224 1.10665434455378 1.79885861793738 0.964971426504153 
0.361198738170347 1.10847846297874 1.80626877611802 0.964817913094106 
0.36198738170347 1.10847846297874 1.80626877611802 0.964817913094106 
0.362776025236593 1.10847846297874 1.80626877611802 0.964817913094106 
0.363564668769716 1.10847846297874 1.80626877611802 0.964817913094106 
0.364353312302839 1.11031730191098 1.81369002206155 0.964667536848225 
0.365141955835962 1.11031730191098 1.81369002206155 0.964667536848225 
0.365930599369085 1.11031730191098 1.81369002206155 0.964667536848225 
0.366719242902208 1.11031730191098 1.81369002206155 0.964667536848225 
0.367507886435331 1.11217085177737 1.82112245695111 0.964520312965853 
0.368296529968454 1.11217085177737 1.82112245695111 0.964520312965853 
0.369085173501577 1.11217085177737 1.82112245695111 0.964520312965853 
0.3698738170347 1.11217085177737 1.82112245695111 0.964520312965853 
0.370662460567823 1.11403910329666 1.82856618186765 0.964376256763196 
0.371451104100946 1.11403910329666 1.82856618186765 0.964376256763196 
0.372239747634069 1.11403910329666 1.82856618186765 0.964376256763196 
0.373028391167192 1.11403910329666 1.82856618186765 0.964376256763196 
0.373817034700315 1.11592204747843 1.83602129779195 0.964235383673737 
0.374605678233438 1.11592204747843 1.83602129779195 0.964235383673737 
0.375394321766562 1.11592204747843 1.83602129779195 0.964235383673737 
0.376182965299685 1.11592204747843 1.83602129779195 0.964235383673737 
0.376971608832808 1.11781967562204 1.84348790560664 0.964097709248646 
0.377760252365931 1.11781967562204 1.84348790560664 0.964097709248646 
0.378548895899054 1.11781967562204 1.84348790560664 0.964097709248646 
0.379337539432177 1.11781967562204 1.84348790560664 0.964097709248646 
0.3801261829653 1.11973197931565 1.85096610609806 0.963963249157211 
0.380914826498423 1.11973197931565 1.85096610609806 0.963963249157211 
0.381703470031546 1.11973197931565 1.85096610609806 0.963963249157211 
0.382492113564669 1.11973197931565 1.85096610609806 0.963963249157211 
0.383280757097792 1.12165895043518 1.85845599995823 0.96383201918726 
0.384069400630915 1.12165895043518 1.85845599995823 0.96383201918726 
0.384858044164038 1.12165895043518 1.85845599995823 0.96383201918726 
0.385646687697161 1.12165895043518 1.85845599995823 0.96383201918726 
0.386435331230284 1.1236005811433 1.86595768778681 0.963704035245601 
0.387223974763407 1.1236005811433 1.86595768778681 0.963704035245601 
0.38801261829653 1.1236005811433 1.86595768778681 0.963704035245601 
0.388801261829653 1.1236005811433 1.86595768778681 0.963704035245601 
0.389589905362776 1.12555686388845 1.87347127009304 0.96357931335846 
0.390378548895899 1.12555686388845 1.87347127009304 0.96357931335846 
0.391167192429022 1.12555686388845 1.87347127009304 0.96357931335846 
0.391955835962145 1.12555686388845 1.87347127009304 0.96357931335846 
0.392744479495268 1.1275277914038 1.88099684729752 0.963457869671928 
0.393533123028391 1.1275277914038 1.88099684729752 0.963457869671928 
0.394321766561514 1.1275277914038 1.88099684729752 0.963457869671928 
0.395110410094637 1.1275277914038 1.88099684729752 0.963457869671928 
0.39589905362776 1.12951335670634 1.88853451973427 0.963339720452417 
0.396687697160883 1.12951335670634 1.88853451973427 0.963339720452417 
0.397476340694006 1.12951335670634 1.88853451973427 0.963339720452417 
0.398264984227129 1.12951335670634 1.88853451973427 0.963339720452417 
0.399053627760252 1.13151355309584 1.89608438765257 0.963224882087112 
0.399842271293375 1.13151355309584 1.89608438765257 0.963224882087112 
0.400630914826498 1.13151355309584 1.89608438765257 0.963224882087112 
0.401419558359621 1.13151355309584 1.89608438765257 0.963224882087112 
0.402208201892744 1.13352837415392 1.90364655121884 0.963113371084445 
0.402996845425868 1.13352837415392 1.90364655121884 0.963113371084445 
0.403785488958991 1.13352837415392 1.90364655121884 0.963113371084445 
0.404574132492114 1.13352837415392 1.90364655121884 0.963113371084445 
0.405362776025237 1.13555781374307 1.91122111051856 0.963005204074559 
0.40615141955836 1.13555781374307 1.91122111051856 0.963005204074559 
0.406940063091483 1.13555781374307 1.91122111051856 0.963005204074559 
0.407728706624606 1.13555781374307 1.91122111051856 0.963005204074559 
0.408517350157729 1.1376018660057 1.9188081655581 0.962900397809786 
0.409305993690852 1.1376018660057 1.9188081655581 0.962900397809786 
0.410094637223975 1.1376018660057 1.9188081655581 0.962900397809786 
0.410883280757098 1.1376018660057 1.9188081655581 0.962900397809786 
0.411671924290221 1.13966052536321 1.92640781626661 0.962798969165132 
0.412460567823344 1.13966052536321 1.92640781626661 0.962798969165132 
0.413249211356467 1.13966052536321 1.92640781626661 0.962798969165132 
0.41403785488959 1.13966052536321 1.92640781626661 0.962798969165132 
0.414826498422713 1.14173378651503 1.93402016249791 0.962700935138766 
0.415615141955836 1.14173378651503 1.93402016249791 0.962700935138766 
0.416403785488959 1.14173378651503 1.93402016249791 0.962700935138766 
0.417192429022082 1.14173378651503 1.93402016249791 0.962700935138766 
0.417981072555205 1.14382164443769 1.94164530403224 0.962606312852511 
0.418769716088328 1.14382164443769 1.94164530403224 0.962606312852511 
0.419558359621451 1.14382164443769 1.94164530403224 0.962606312852511 
0.420347003154574 1.14382164443769 1.94164530403224 0.962606312852511 
0.421135646687697 1.1459240943839 1.94928334057816 0.96251511955235 
0.42192429022082 1.1459240943839 1.94928334057816 0.96251511955235 
0.422712933753943 1.1459240943839 1.94928334057816 0.96251511955235 
0.423501577287066 1.1459240943839 1.94928334057816 0.96251511955235 
0.424290220820189 1.14804113188164 1.95693437177441 0.962427372608928 
0.425078864353312 1.14804113188164 1.95693437177441 0.962427372608928 
0.425867507886435 1.14804113188164 1.95693437177441 0.962427372608928 
0.426656151419558 1.14804113188164 1.95693437177441 0.962427372608928 
0.427444794952681 1.15017275273325 1.9645984971917 0.962343089518067 
0.428233438485804 1.15017275273325 1.9645984971917 0.962343089518067 
0.429022082018927 1.15017275273325 1.9645984971917 0.962343089518067 
0.42981072555205 1.15017275273325 1.9645984971917 0.962343089518067 
0.430599369085173 1.15231895301451 1.97227581633454 0.962262287901287 
0.431388012618297 1.15231895301451 1.97227581633454 0.962262287901287 
0.43217665615142 1.15231895301451 1.97227581633454 0.962262287901287 
0.432965299684543 1.15231895301451 1.97227581633454 0.962262287901287 
0.433753943217666 1.15447972907379 1.97996642864304 0.962184985506326 
0.434542586750789 1.15447972907379 1.97996642864304 0.962184985506326 
0.435331230283912 1.15447972907379 1.97996642864304 0.962184985506326 
0.436119873817035 1.15447972907379 1.97996642864304 0.962184985506326 
0.436908517350158 1.1566550775311 1.98767043349474 0.962111200207672 
0.437697160883281 1.1566550775311 1.98767043349474 0.962111200207672 
0.438485804416404 1.1566550775311 1.98767043349474 0.962111200207672 
0.439274447949527 1.1566550775311 1.98767043349474 0.962111200207672 
0.44006309148265 1.15884499527725 1.9953879302063 0.962040950007104 
0.440851735015773 1.15884499527725 1.9953879302063 0.962040950007104 
0.441640378548896 1.15884499527725 1.9953879302063 0.962040950007104 
0.442429022082019 1.15884499527725 1.9953879302063 0.962040950007104 
0.443217665615142 1.16104947947288 2.00311901803511 0.96197425303423 
0.444006309148265 1.16104947947288 2.00311901803511 0.96197425303423 
0.444794952681388 1.16104947947288 2.00311901803511 0.96197425303423 
0.445583596214511 1.16104947947288 2.00311901803511 0.96197425303423 
0.446372239747634 1.16326852754782 2.01086379618181 0.961911127547036 
0.447160883280757 1.16326852754782 2.01086379618181 0.961911127547036 
0.44794952681388 1.16326852754782 2.01086379618181 0.961911127547036 
0.448738170347003 1.16326852754782 2.01086379618181 0.961911127547036 
0.449526813880126 1.1655021372001 2.01862236379157 0.961851591932439 
0.450315457413249 1.1655021372001 2.01862236379157 0.961851591932439 
0.451104100946372 1.1655021372001 2.01862236379157 0.961851591932439 
0.451892744479495 1.1655021372001 2.01862236379157 0.961851591932439 
0.452681388012618 1.16775030639496 2.02639481995544 0.961795664706854 
0.453470031545741 1.16775030639496 2.02639481995544 0.961795664706854 
0.454258675078864 1.16775030639496 2.02639481995544 0.961795664706854 
0.455047318611987 1.16775030639496 2.02639481995544 0.961795664706854 
0.45583596214511 1.17001303336424 2.0341812637129 0.961743364516754 
0.456624605678233 1.17001303336424 2.0341812637129 0.961743364516754 
0.457413249211356 1.17001303336424 2.0341812637129 0.961743364516754 
0.458201892744479 1.17001303336424 2.0341812637129 0.961743364516754 
0.458990536277603 1.17229031660533 2.0419817940528 0.961694710139249 
0.459779179810726 1.17229031660533 2.0419817940528 0.961694710139249 
0.460567823343849 1.17229031660533 2.0419817940528 0.961694710139249 
0.461356466876972 1.17229031660533 2.0419817940528 0.961694710139249 
0.462145110410095 1.17458215488048 2.04979650991572 0.961649720482657 
0.462933753943218 1.17458215488048 2.04979650991572 0.961649720482657 
0.463722397476341 1.17458215488048 2.04979650991572 0.961649720482657 
0.464511041009464 1.17458215488048 2.04979650991572 0.961649720482657 
0.465299684542587 1.17688854721602 2.05762551019573 0.961608414587093 
0.46608832807571 1.17688854721602 2.05762551019573 0.961608414587093 
0.466876971608833 1.17688854721602 2.05762551019573 0.961608414587093 
0.467665615141956 1.17688854721602 2.05762551019573 0.961608414587093 
0.468454258675079 1.1792094929013 2.06546889374141 0.961570811625062 
0.469242902208202 1.1792094929013 2.06546889374141 0.961570811625062 
0.470031545741325 1.1792094929013 2.06546889374141 0.961570811625062 
0.470820189274448 1.1792094929013 2.06546889374141 0.961570811625062 
0.471608832807571 1.18154499148819 2.07332675935848 0.961536930902046 
0.472397476340694 1.18154499148819 2.07332675935848 0.961536930902046 
0.473186119873817 1.18154499148819 2.07332675935848 0.961536930902046 
0.47397476340694 1.18154499148819 2.07332675935848 0.961536930902046 
0.474763406940063 1.18389504278996 2.08119920581062 0.961506791857121 
0.475552050473186 1.18389504278996 2.08119920581062 0.961506791857121 
0.476340694006309 1.18389504278996 2.08119920581062 0.961506791857121 
0.477129337539432 1.18389504278996 2.08119920581062 0.961506791857121 
0.477917981072555 1.18625964688071 2.08908633182181 0.961480414063551 
0.478706624605678 1.18625964688071 2.08908633182181 0.961480414063551 
0.479495268138801 1.18625964688071 2.08908633182181 0.961480414063551 
0.480283911671924 1.18625964688071 2.08908633182181 0.961480414063551 
0.481072555205047 1.18863880409458 2.09698823607806 0.961457817229414 
0.48186119873817 1.18863880409458 2.09698823607806 0.961457817229414 
0.482649842271293 1.18863880409458 2.09698823607806 0.961457817229414 
0.483438485804416 1.18863880409458 2.09698823607806 0.961457817229414 
0.484227129337539 1.19103251502475 2.1049050172284 0.961439021198214 
0.485015772870662 1.19103251502475 2.1049050172284 0.961439021198214 
0.485804416403785 1.19103251502475 2.1049050172284 0.961439021198214 
0.486593059936908 1.19103251502475 2.1049050172284 0.961439021198214 
0.487381703470032 1.19344078052293 2.11283677388746 0.961424045949514 
0.488170347003155 1.19344078052293 2.11283677388746 0.961424045949514 
0.488958990536278 1.19344078052293 2.11283677388746 0.961424045949514 
0.489747634069401 1.19344078052293 2.11283677388746 0.961424045949514 
0.490536277602524 1.19586360169834 2.12078360463622 0.961412911599567 
0.491324921135647 1.19586360169834 2.12078360463622 0.961412911599567 
0.49211356466877 1.19586360169834 2.12078360463622 0.961412911599567 
0.492902208201893 1.19586360169834 2.12078360463622 0.961412911599567 
0.493690851735016 1.19830097991718 2.12874560802464 0.961405638401953 
0.494479495268139 1.19830097991718 2.12874560802464 0.961405638401953 
0.495268138801262 1.19830097991718 2.12874560802464 0.961405638401953 
0.496056782334385 1.19830097991718 2.12874560802464 0.961405638401953 
0.496845425867508 1.20075291680162 2.13672288257233 0.961402246748224 
0.497634069400631 1.20075291680162 2.13672288257233 0.961402246748224 
0.498422712933754 1.20075291680162 2.13672288257233 0.961402246748224 
0.499211356466877 1.20075291680162 2.13672288257233 0.961402246748224 
0.5 1.20321941422925 2.14471552677093 0.961402757168558 
0.500788643533123 1.20321941422925 2.14471552677093 0.961402757168558 
0.501577287066246 1.20321941422925 2.14471552677093 0.961402757168558 
0.502365930599369 1.20321941422925 2.14471552677093 0.961402757168558 
0.503154574132492 1.20570047433232 2.15272363908572 0.961407190332413 
0.503943217665615 1.20570047433232 2.15272363908572 0.961407190332413 
0.504731861198738 1.20570047433232 2.15272363908572 0.961407190332413 
0.505520504731861 1.20570047433232 2.15272363908572 0.961407190332413 
0.506309148264984 1.2081960994968 2.16074731795662 0.96141556704919 
0.507097791798107 1.2081960994968 2.16074731795662 0.96141556704919 
0.50788643533123 1.2081960994968 2.16074731795662 0.96141556704919 
0.508675078864353 1.2081960994968 2.16074731795662 0.96141556704919 
0.509463722397476 1.21070629236194 2.16878666180066 0.961427908268906 
0.510252365930599 1.21070629236194 2.16878666180066 0.961427908268906 
0.511041009463722 1.21070629236194 2.16878666180066 0.961427908268906 
0.511829652996845 1.21070629236194 2.16878666180066 0.961427908268906 
0.512618296529968 1.21323105581924 2.17684176901274 0.961444235082863 
0.513406940063092 1.21323105581924 2.17684176901274 0.961444235082863 
0.514195583596215 1.21323105581924 2.17684176901274 0.961444235082863 
0.514984227129338 1.21323105581924 2.17684176901274 0.961444235082863 
0.515772870662461 1.21577039301192 2.18491273796792 0.961464568724335 
0.516561514195584 1.21577039301192 2.18491273796792 0.961464568724335 
0.517350157728707 1.21577039301192 2.18491273796792 0.961464568724335 
0.51813880126183 1.21577039301192 2.18491273796792 0.961464568724335 
0.518927444794953 1.21832430733428 2.19299966702298 0.961488930569253 
0.519716088328076 1.21832430733428 2.19299966702298 0.961488930569253 
0.520504731861199 1.21832430733428 2.19299966702298 0.961488930569253 
0.521293375394322 1.21832430733428 2.19299966702298 0.961488930569253 
0.522082018927445 1.22089280243067 2.2011026545174 0.961517342136898 
0.522870662460568 1.22089280243067 2.2011026545174 0.961517342136898 
0.523659305993691 1.22089280243067 2.2011026545174 0.961517342136898 
0.524447949526814 1.22089280243067 2.2011026545174 0.961517342136898 
0.525236593059937 1.22347588219516 2.20922179877582 0.961549825090603 
0.52602523659306 1.22347588219516 2.20922179877582 0.961549825090603 
0.526813880126183 1.22347588219516 2.20922179877582 0.961549825090603 
0.527602523659306 1.22347588219516 2.20922179877582 0.961549825090603 
0.528391167192429 1.22607355077051 2.21735719810873 0.961586401238458 
0.529179810725552 1.22607355077051 2.21735719810873 0.961586401238458 
0.529968454258675 1.22607355077051 2.21735719810873 0.961586401238458 
0.530757097791798 1.22607355077051 2.21735719810873 0.961586401238458 
0.531545741324921 1.22868581254772 2.2255089508147 0.961627092534018 
0.532334384858044 1.22868581254772 2.2255089508147 0.961627092534018 
0.533123028391167 1.22868581254772 2.2255089508147 0.961627092534018 
0.53391167192429 1.22868581254772 2.2255089508147 0.961627092534018 
0.534700315457413 1.23131267216532 2.23367715518202 0.961671921077032 
0.535488958990536 1.23131267216532 2.23367715518202 0.961671921077032 
0.536277602523659 1.23131267216532 2.23367715518202 0.961671921077032 
0.537066246056782 1.23131267216532 2.23367715518202 0.961671921077032 
0.537854889589905 1.23395413450848 2.24186190948949 0.961720909114153 
0.538643533123028 1.23395413450848 2.24186190948949 0.961720909114153 
0.539432176656151 1.23395413450848 2.24186190948949 0.961720909114153 
0.540220820189274 1.23395413450848 2.24186190948949 0.961720909114153 
0.541009463722397 1.23661020470863 2.25006331200896 0.961774079039682 
0.54179810725552 1.23661020470863 2.25006331200896 0.961774079039682 
0.542586750788643 1.23661020470863 2.25006331200896 0.961774079039682 
0.543375394321767 1.23661020470863 2.25006331200896 0.961774079039682 
0.54416403785489 1.23928088814251 2.25828146100592 0.961831453396295 
0.544952681388013 1.23928088814251 2.25828146100592 0.961831453396295 
0.545741324921136 1.23928088814251 2.25828146100592 0.961831453396295 
0.546529968454259 1.23928088814251 2.25828146100592 0.961831453396295 
0.547318611987382 1.24196619043178 2.26651645474199 0.961893054875792 
0.548107255520505 1.24196619043178 2.26651645474199 0.961893054875792 
0.548895899053628 1.24196619043178 2.26651645474199 0.961893054875792 
0.549684542586751 1.24196619043178 2.26651645474199 0.961893054875792 
0.550473186119874 1.24466611744209 2.27476839147553 0.961958906319844 
0.551261829652997 1.24466611744209 2.27476839147553 0.961958906319844 
0.55205047318612 1.24466611744209 2.27476839147553 0.961958906319844 
0.552839116719243 1.24466611744209 2.27476839147553 0.961958906319844 
0.553627760252366 1.24738067528263 2.28303736946382 0.962029030720748 
0.554416403785489 1.24738067528263 2.28303736946382 0.962029030720748 
0.555205047318612 1.24738067528263 2.28303736946382 0.962029030720748 
0.555993690851735 1.24738067528263 2.28303736946382 0.962029030720748 
0.556782334384858 1.25010987030551 2.29132348696467 0.962103451222193 
0.557570977917981 1.25010987030551 2.29132348696467 0.962103451222193 
0.558359621451104 1.25010987030551 2.29132348696467 0.962103451222193 
0.559148264984227 1.25010987030551 2.29132348696467 0.962103451222193 
0.55993690851735 1.25285370910487 2.29962684223713 0.962182191120022 
0.560725552050473 1.25285370910487 2.29962684223713 0.962182191120022 
0.561514195583596 1.25285370910487 2.29962684223713 0.962182191120022 
0.562302839116719 1.25285370910487 2.29962684223713 0.962182191120022 
0.563091482649842 1.25561219851655 2.30794753354402 0.962265273863011 
0.563880126182965 1.25561219851655 2.30794753354402 0.962265273863011 
0.564668769716088 1.25561219851655 2.30794753354402 0.962265273863011 
0.565457413249211 1.25561219851655 2.30794753354402 0.962265273863011 
0.566246056782334 1.2583853456172 2.31628565915246 0.962352723053646 
0.567034700315457 1.2583853456172 2.31628565915246 0.962352723053646 
0.56782334384858 1.2583853456172 2.31628565915246 0.962352723053646 
0.568611987381703 1.2583853456172 2.31628565915246 0.962352723053646 
0.569400630914827 1.26117315772383 2.32464131733606 0.962444562448914 
0.57018927444795 1.26117315772383 2.32464131733606 0.962444562448914 
0.570977917981073 1.26117315772383 2.32464131733606 0.962444562448914 
0.571766561514196 1.26117315772383 2.32464131733606 0.962444562448914 
0.572555205047319 1.26397564239322 2.33301460637642 0.962540815961096 
0.573343848580442 1.26397564239322 2.33301460637642 0.962540815961096 
0.574132492113565 1.26397564239322 2.33301460637642 0.962540815961096 
0.574921135646688 1.26397564239322 2.33301460637642 0.962540815961096 
0.575709779179811 1.26679280742109 2.34140562456392 0.962641507658562 
0.576498422712934 1.26679280742109 2.34140562456392 0.962641507658562 
0.577287066246057 1.26679280742109 2.34140562456392 0.962641507658562 
0.57807570977918 1.26679280742109 2.34140562456392 0.962641507658562 
0.578864353312303 1.26962466084178 2.34981447020011 0.962746661766585 
0.579652996845426 1.26962466084178 2.34981447020011 0.962746661766585 
0.580441640378549 1.26962466084178 2.34981447020011 0.962746661766585 
0.581230283911672 1.26962466084178 2.34981447020011 0.962746661766585 
0.582018927444795 1.27247121092735 2.35824124159825 0.962856302668144 
0.582807570977918 1.27247121092735 2.35824124159825 0.962856302668144 
0.583596214511041 1.27247121092735 2.35824124159825 0.962856302668144 
0.584384858044164 1.27247121092735 2.35824124159825 0.962856302668144 
0.585173501577287 1.27533246618721 2.36668603708548 0.962970454904749 
0.58596214511041 1.27533246618721 2.36668603708548 0.962970454904749 
0.586750788643533 1.27533246618721 2.36668603708548 0.962970454904749 
0.587539432176656 1.27533246618721 2.36668603708548 0.962970454904749 
0.588328075709779 1.27820843536756 2.37514895500429 0.963089143177271 
0.589116719242902 1.27820843536756 2.37514895500429 0.963089143177271 
0.589905362776025 1.27820843536756 2.37514895500429 0.963089143177271 
0.590694006309148 1.27820843536756 2.37514895500429 0.963089143177271 
0.591482649842271 1.28109912745053 2.38363009371321 0.96321239234676 
0.592271293375394 1.28109912745053 2.38363009371321 0.96321239234676 
0.593059936908517 1.28109912745053 2.38363009371321 0.96321239234676 
0.59384858044164 1.28109912745053 2.38363009371321 0.96321239234676 
0.594637223974763 1.28400455165393 2.39212955158927 0.963340227435299 
0.595425867507886 1.28400455165393 2.39212955158927 0.963340227435299 
0.596214511041009 1.28400455165393 2.39212955158927 0.963340227435299 
0.597003154574132 1.28400455165393 2.39212955158927 0.963340227435299 
0.597791798107255 1.2869247174304 2.40064742702842 0.963472673626834 
0.598580441640378 1.2869247174304 2.40064742702842 0.963472673626834 
0.599369085173502 1.2869247174304 2.40064742702842 0.963472673626834 
0.600157728706625 1.2869247174304 2.40064742702842 0.963472673626834 
0.600946372239748 1.2898596344671 2.40918381844797 0.963609756268038 
0.601735015772871 1.2898596344671 2.40918381844797 0.963609756268038 
0.602523659305994 1.2898596344671 2.40918381844797 0.963609756268038 
0.603312302839117 1.2898596344671 2.40918381844797 0.963609756268038 
0.60410094637224 1.29280931268485 2.41773882428701 0.963751500869157 
0.604889589905363 1.29280931268485 2.41773882428701 0.963751500869157 
0.605678233438486 1.29280931268485 2.41773882428701 0.963751500869157 
0.606466876971609 1.29280931268485 2.41773882428701 0.963751500869157 
0.607255520504732 1.29577376223783 2.42631254300858 0.963897933104885 
0.608044164037855 1.29577376223783 2.42631254300858 0.963897933104885 
0.608832807570978 1.29577376223783 2.42631254300858 0.963897933104885 
0.609621451104101 1.29577376223783 2.42631254300858 0.963897933104885 
0.610410094637224 1.298752993513 2.43490507310104 0.964049078815232 
0.611198738170347 1.298752993513 2.43490507310104 0.964049078815232 
0.61198738170347 1.298752993513 2.43490507310104 0.964049078815232 
0.612776025236593 1.298752993513 2.43490507310104 0.964049078815232 
0.613564668769716 1.30174701712935 2.44351651307881 0.964204964006391 
0.614353312302839 1.30174701712935 2.44351651307881 0.964204964006391 
0.615141955835962 1.30174701712935 2.44351651307881 0.964204964006391 
0.615930599369085 1.30174701712935 2.44351651307881 0.964204964006391 
0.616719242902208 1.30475584393764 2.45214696148467 0.964365614851643 
0.617507886435331 1.30475584393764 2.45214696148467 0.964365614851643 
0.618296529968454 1.30475584393764 2.45214696148467 0.964365614851643 
0.619085173501577 1.30475584393764 2.45214696148467 0.964365614851643 
0.6198738170347 1.30777948501955 2.46079651689023 0.96453105769222 
0.620662460567823 1.30777948501955 2.46079651689023 0.96453105769222 
0.621451104100946 1.30777948501955 2.46079651689023 0.96453105769222 
0.622239747634069 1.30777948501955 2.46079651689023 0.96453105769222 
0.623028391167192 1.31081795168741 2.46946527789803 0.964701319038227 
0.623817034700315 1.31081795168741 2.46946527789803 0.964701319038227 
0.624605678233438 1.31081795168741 2.46946527789803 0.964701319038227 
0.625394321766562 1.31081795168741 2.46946527789803 0.964701319038227 
0.626182965299685 1.31387125548367 2.47815334314289 0.964876425569537 
0.626971608832808 1.31387125548367 2.47815334314289 0.964876425569537 
0.627760252365931 1.31387125548367 2.47815334314289 0.964876425569537 
0.628548895899054 1.31387125548367 2.47815334314289 0.964876425569537 
0.629337539432177 1.31693940818009 2.48686081129258 0.965056404136694 
0.6301261829653 1.31693940818009 2.48686081129258 0.965056404136694 
0.630914826498423 1.31693940818009 2.48686081129258 0.965056404136694 
0.631703470031546 1.31693940818009 2.48686081129258 0.965056404136694 
0.632492113564669 1.32002242177763 2.49558778105019 0.965241281761845 
0.633280757097792 1.32002242177763 2.49558778105019 0.965241281761845 
0.634069400630915 1.32002242177763 2.49558778105019 0.965241281761845 
0.634858044164038 1.32002242177763 2.49558778105019 0.965241281761845 
0.635646687697161 1.32312030850553 2.50433435115443 0.965431085639644 
0.636435331230284 1.32312030850553 2.50433435115443 0.965431085639644 
0.637223974763407 1.32312030850553 2.50433435115443 0.965431085639644 
0.63801261829653 1.32312030850553 2.50433435115443 0.965431085639644 
0.638801261829653 1.32623308082111 2.51310062038179 0.965625843138203 
0.639589905362776 1.32623308082111 2.51310062038179 0.965625843138203 
0.640378548895899 1.32623308082111 2.51310062038179 0.965625843138203 
0.641167192429022 1.32623308082111 2.51310062038179 0.965625843138203 
0.641955835962145 1.32936075140922 2.52188668754786 0.965825581800023 
0.642744479495268 1.32936075140922 2.52188668754786 0.965825581800023 
0.643533123028391 1.32936075140922 2.52188668754786 0.965825581800023 
0.644321766561514 1.32936075140922 2.52188668754786 0.965825581800023 
0.645110410094637 1.33250333318154 2.53069265150794 0.966030329342926 
0.64589905362776 1.33250333318154 2.53069265150794 0.966030329342926 
0.646687697160883 1.33250333318154 2.53069265150794 0.966030329342926 
0.647476340694006 1.33250333318154 2.53069265150794 0.966030329342926 
0.648264984227129 1.33566083927639 2.53951861115934 0.966240113661029 
0.649053627760252 1.33566083927639 2.53951861115934 0.966240113661029 
0.649842271293375 1.33566083927639 2.53951861115934 0.966240113661029 
0.650630914826498 1.33566083927639 2.53951861115934 0.966240113661029 
0.651419558359621 1.33883328305791 2.54836466544174 0.966454962825674 
0.652208201892744 1.33883328305791 2.54836466544174 0.966454962825674 
0.652996845425867 1.33883328305791 2.54836466544174 0.966454962825674 
0.65378548895899 1.33883328305791 2.54836466544174 0.966454962825674 
0.654574132492113 1.34202067811593 2.55723091333951 0.966674905086421 
0.655362776025237 1.34202067811593 2.55723091333951 0.966674905086421 
0.65615141955836 1.34202067811593 2.55723091333951 0.966674905086421 
0.656940063091483 1.34202067811593 2.55723091333951 0.966674905086421 
0.657728706624606 1.34522303826514 2.56611745388201 0.966899968871994 
0.658517350157729 1.34522303826514 2.56611745388201 0.966899968871994 
0.659305993690852 1.34522303826514 2.56611745388201 0.966899968871994 
0.660094637223975 1.34522303826514 2.56611745388201 0.966899968871994 
0.660883280757098 1.34844037754487 2.57502438614564 0.967130182791276 
0.661671924290221 1.34844037754487 2.57502438614564 0.967130182791276 
0.662460567823344 1.34844037754487 2.57502438614564 0.967130182791276 
0.663249211356467 1.34844037754487 2.57502438614564 0.967130182791276 
0.66403785488959 1.35167271021864 2.58395180925519 0.967365575634298 
0.664826498422713 1.35167271021864 2.58395180925519 0.967365575634298 
0.665615141955836 1.35167271021864 2.58395180925519 0.967365575634298 
0.666403785488959 1.35167271021864 2.58395180925519 0.967365575634298 
0.667192429022082 1.35492005077343 2.59289982238434 0.967606176373208 
0.667981072555205 1.35492005077343 2.59289982238434 0.967606176373208 
0.668769716088328 1.35492005077343 2.59289982238434 0.967606176373208 
0.669558359621451 1.35492005077343 2.59289982238434 0.967606176373208 
0.670347003154574 1.35818241391954 2.60186852475796 0.9678520141633 
0.671135646687697 1.35818241391954 2.60186852475796 0.9678520141633 
0.67192429022082 1.35818241391954 2.60186852475796 0.9678520141633 
0.672712933753943 1.35818241391954 2.60186852475796 0.9678520141633 
0.673501577287066 1.36145981458983 2.61085801565242 0.968103118343991 
0.674290220820189 1.36145981458983 2.61085801565242 0.968103118343991 
0.675078864353312 1.36145981458983 2.61085801565242 0.968103118343991 
0.675867507886435 1.36145981458983 2.61085801565242 0.968103118343991 
0.676656151419558 1.36475226793951 2.61986839439758 0.968359518439856 
0.677444794952681 1.36475226793951 2.61986839439758 0.968359518439856 
0.678233438485804 1.36475226793951 2.61986839439758 0.968359518439856 
0.679022082018927 1.36475226793951 2.61986839439758 0.968359518439856 
0.67981072555205 1.36805978934569 2.6288997603781 0.968621244161647 
0.680599369085173 1.36805978934569 2.6288997603781 0.968621244161647 
0.681388012618297 1.36805978934569 2.6288997603781 0.968621244161647 
0.68217665615142 1.36805978934569 2.6288997603781 0.968621244161647 
0.682965299684543 1.37138239440668 2.63795221303394 0.968888325407302 
0.683753943217666 1.37138239440668 2.63795221303394 0.968888325407302 
0.684542586750789 1.37138239440668 2.63795221303394 0.968888325407302 
0.685331230283912 1.37138239440668 2.63795221303394 0.968888325407302 
0.686119873817035 1.37472009894194 2.6470258518626 0.969160792263004 
0.686908517350158 1.37472009894194 2.6470258518626 0.969160792263004 
0.687697160883281 1.37472009894194 2.6470258518626 0.969160792263004 
0.688485804416404 1.37472009894194 2.6470258518626 0.969160792263004 
0.689274447949527 1.37807291899122 2.65612077641942 0.969438675004197 
0.69006309148265 1.37807291899122 2.65612077641942 0.969438675004197 
0.690851735015773 1.37807291899122 2.65612077641942 0.969438675004197 
0.691640378548896 1.37807291899122 2.65612077641942 0.969438675004197 
0.692429022082019 1.38144087081447 2.66523708631952 0.969722004096656 
0.693217665615142 1.38144087081447 2.66523708631952 0.969722004096656 
0.694006309148265 1.38144087081447 2.66523708631952 0.969722004096656 
0.694794952681388 1.38144087081447 2.66523708631952 0.969722004096656 
0.695583596214511 1.38482397089138 2.67437488123911 0.97001081019754 
0.696372239747634 1.38482397089138 2.67437488123911 0.97001081019754 
0.697160883280757 1.38482397089138 2.67437488123911 0.97001081019754 
0.69794952681388 1.38482397089138 2.67437488123911 0.97001081019754 
0.698738170347003 1.3882222359207 2.68353426091591 0.970305124156438 
0.699526813880126 1.3882222359207 2.68353426091591 0.970305124156438 
0.700315457413249 1.3882222359207 2.68353426091591 0.970305124156438 
0.701104100946372 1.3882222359207 2.68353426091591 0.970305124156438 
0.701892744479495 1.39163568282019 2.69271532515143 0.970604977016465 
0.702681388012618 1.39163568282019 2.69271532515143 0.970604977016465 
0.703470031545741 1.39163568282019 2.69271532515143 0.970604977016465 
0.704258675078864 1.39163568282019 2.69271532515143 0.970604977016465 
0.705047318611987 1.39506432872586 2.70191817381114 0.97091040001531 
0.70583596214511 1.39506432872586 2.70191817381114 0.97091040001531 
0.706624605678233 1.39506432872586 2.70191817381114 0.97091040001531 
0.707413249211356 1.39506432872586 2.70191817381114 0.97091040001531 
0.708201892744479 1.3985081909919 2.71114290682677 0.971221424586354 
0.708990536277603 1.3985081909919 2.71114290682677 0.971221424586354 
0.709779179810726 1.3985081909919 2.71114290682677 0.971221424586354 
0.710567823343849 1.3985081909919 2.71114290682677 0.971221424586354 
0.711356466876972 1.40196728718992 2.72038962419642 0.971538082359727 
0.712145110410095 1.40196728718992 2.72038962419642 0.971538082359727 
0.712933753943218 1.40196728718992 2.72038962419642 0.971538082359727 
0.713722397476341 1.40196728718992 2.72038962419642 0.971538082359727 
0.714511041009464 1.40544163510885 2.72965842598659 0.971860405163433 
0.715299684542587 1.40544163510885 2.72965842598659 0.971860405163433 
0.71608832807571 1.40544163510885 2.72965842598659 0.971860405163433 
0.716876971608833 1.40544163510885 2.72965842598659 0.971860405163433 
0.717665615141956 1.40893125275452 2.73894941233337 0.972188425024461 
0.718454258675079 1.40893125275452 2.73894941233337 0.972188425024461 
0.719242902208202 1.40893125275452 2.73894941233337 0.972188425024461 
0.720031545741325 1.40893125275452 2.73894941233337 0.972188425024461 
0.720820189274448 1.41243615834902 2.74826268344284 0.972522174169867 
0.721608832807571 1.41243615834902 2.74826268344284 0.972522174169867 
0.722397476340694 1.41243615834902 2.74826268344284 0.972522174169867 
0.723186119873817 1.41243615834902 2.74826268344284 0.972522174169867 
0.72397476340694 1.41595637033067 2.75759833959332 0.972861685027936 
0.724763406940063 1.41595637033067 2.75759833959332 0.972861685027936 
0.725552050473186 1.41595637033067 2.75759833959332 0.972861685027936 
0.726340694006309 1.41595637033067 2.75759833959332 0.972861685027936 
0.727129337539432 1.41949190735327 2.76695648113547 0.973206990229272 
0.727917981072555 1.41949190735327 2.76695648113547 0.973206990229272 
0.728706624605678 1.41949190735327 2.76695648113547 0.973206990229272 
0.729495268138801 1.41949190735327 2.76695648113547 0.973206990229272 
0.730283911671924 1.42304278828598 2.77633720849431 0.973558122607961 
0.731072555205047 1.42304278828598 2.77633720849431 0.973558122607961 
0.73186119873817 1.42304278828598 2.77633720849431 0.973558122607961 
0.732649842271293 1.42304278828598 2.77633720849431 0.973558122607961 
0.733438485804416 1.42660903221301 2.78574062217032 0.973915115202722 
0.734227129337539 1.42660903221301 2.78574062217032 0.973915115202722 
0.735015772870662 1.42660903221301 2.78574062217032 0.973915115202722 
0.735804416403785 1.42660903221301 2.78574062217032 0.973915115202722 
0.736593059936908 1.43019065843292 2.79516682273988 0.974278001258021 
0.737381703470032 1.43019065843292 2.79516682273988 0.974278001258021 
0.738170347003155 1.43019065843292 2.79516682273988 0.974278001258021 
0.738958990536278 1.43019065843292 2.79516682273988 0.974278001258021 
0.739747634069401 1.43378768645863 2.80461591085741 0.974646814225277 
0.740536277602524 1.43378768645863 2.80461591085741 0.974646814225277 
0.741324921135647 1.43378768645863 2.80461591085741 0.974646814225277 
0.74211356466877 1.43378768645863 2.80461591085741 0.974646814225277 
0.742902208201893 1.43740013601671 2.81408798725554 0.975021587763983 
0.743690851735016 1.43740013601671 2.81408798725554 0.975021587763983 
0.744479495268139 1.43740013601671 2.81408798725554 0.975021587763983 
0.745268138801262 1.43740013601671 2.81408798725554 0.975021587763983 
0.746056782334385 1.4410280270473 2.823583152747 0.975402355742913 
0.746845425867508 1.4410280270473 2.823583152747 0.975402355742913 
0.747634069400631 1.4410280270473 2.823583152747 0.975402355742913 
0.748422712933754 1.4410280270473 2.823583152747 0.975402355742913 
0.749211356466877 1.44467137970374 2.83310150822576 0.975789152241307 
0.75 1.44467137970374 2.83310150822576 0.975789152241307 
0.750788643533123 1.44467137970374 2.83310150822576 0.975789152241307 
0.751577287066246 1.44467137970374 2.83310150822576 0.975789152241307 
0.752365930599369 1.44833021435195 2.84264315466739 0.976182011550025 
0.753154574132492 1.44833021435195 2.84264315466739 0.976182011550025 
0.753943217665615 1.44833021435195 2.84264315466739 0.976182011550025 
0.754731861198738 1.44833021435195 2.84264315466739 0.976182011550025 
0.755520504731861 1.45200455157048 2.85220819313124 0.97658096817279 
0.756309148264984 1.45200455157048 2.85220819313124 0.97658096817279 
0.757097791798107 1.45200455157048 2.85220819313124 0.97658096817279 
0.75788643533123 1.45200455157048 2.85220819313124 0.97658096817279 
0.758675078864353 1.45569441214976 2.86179672476048 0.976986056827348 
0.759463722397476 1.45569441214976 2.86179672476048 0.976986056827348 
0.760252365930599 1.45569441214976 2.86179672476048 0.976986056827348 
0.761041009463722 1.45569441214976 2.86179672476048 0.976986056827348 
0.761829652996845 1.45939981709217 2.87140885078431 0.977397312446728 
0.762618296529968 1.45939981709217 2.87140885078431 0.977397312446728 
0.763406940063092 1.45939981709217 2.87140885078431 0.977397312446728 
0.764195583596215 1.45939981709217 2.87140885078431 0.977397312446728 
0.764984227129338 1.46312078761131 2.88104467251796 0.977814770180413 
0.765772870662461 1.46312078761131 2.88104467251796 0.977814770180413 
0.766561514195584 1.46312078761131 2.88104467251796 0.977814770180413 
0.767350157728707 1.46312078761131 2.88104467251796 0.977814770180413 
0.76813880126183 1.46685734513195 2.89070429136465 0.978238465395608 
0.768927444794953 1.46685734513195 2.89070429136465 0.978238465395608 
0.769716088328076 1.46685734513195 2.89070429136465 0.978238465395608 
0.770504731861199 1.46685734513195 2.89070429136465 0.978238465395608 
0.771293375394322 1.47060951128974 2.90038780881663 0.978668433678476 
0.772082018927445 1.47060951128974 2.90038780881663 0.978668433678476 
0.772870662460568 1.47060951128974 2.90038780881663 0.978668433678476 
0.773659305993691 1.47060951128974 2.90038780881663 0.978668433678476 
0.774447949526814 1.47437730793057 2.9100953264555 0.979104710835343 
0.775236593059937 1.47437730793057 2.9100953264555 0.979104710835343 
0.77602523659306 1.47437730793057 2.9100953264555 0.979104710835343 
0.776813880126183 1.47437730793057 2.9100953264555 0.979104710835343 
0.777602523659306 1.47816075711064 2.91982694595438 0.979547332894006 
0.778391167192429 1.47816075711064 2.91982694595438 0.979547332894006 
0.779179810725552 1.47816075711064 2.91982694595438 0.979547332894006 
0.779968454258675 1.47816075711064 2.91982694595438 0.979547332894006 
0.780757097791798 1.48195988109576 2.92958276907785 0.979996336104935 
0.781545741324921 1.48195988109576 2.92958276907785 0.979996336104935 
0.782334384858044 1.48195988109576 2.92958276907785 0.979996336104935 
0.783123028391167 1.48195988109576 2.92958276907785 0.979996336104935 
0.78391167192429 1.48577470236136 2.93936289768391 0.980451756942588 
0.784700315457413 1.48577470236136 2.93936289768391 0.980451756942588 
0.785488958990536 1.48577470236136 2.93936289768391 0.980451756942588 
0.786277602523659 1.48577470236136 2.93936289768391 0.980451756942588 
0.787066246056782 1.48960524359213 2.94916743372499 0.980913632106681 
0.787854889589905 1.48960524359213 2.94916743372499 0.980913632106681 
0.788643533123028 1.48960524359213 2.94916743372499 0.980913632106681 
0.789432176656151 1.48960524359213 2.94916743372499 0.980913632106681 
0.790220820189274 1.49345152768146 2.95899647924822 0.981381998523438 
0.791009463722397 1.49345152768146 2.95899647924822 0.981381998523438 
0.79179810725552 1.49345152768146 2.95899647924822 0.981381998523438 
0.792586750788643 1.49345152768146 2.95899647924822 0.981381998523438 
0.793375394321767 1.49731357773155 2.96885013639757 0.981856893346935 
0.79416403785489 1.49731357773155 2.96885013639757 0.981856893346935 
0.794952681388013 1.49731357773155 2.96885013639757 0.981856893346935 
0.795741324921136 1.49731357773155 2.96885013639757 0.981856893346935 
0.796529968454259 1.50119141705265 2.9787285074138 0.982338353960346 
0.797318611987382 1.50119141705265 2.9787285074138 0.982338353960346 
0.798107255520505 1.50119141705265 2.9787285074138 0.982338353960346 
0.798895899053628 1.50119141705265 2.9787285074138 0.982338353960346 
0.799684542586751 1.50508506916315 2.98863169463632 0.982826417977296 
0.800473186119874 1.50508506916315 2.98863169463632 0.982826417977296 
0.801261829652997 1.50508506916315 2.98863169463632 0.982826417977296 
0.80205047318612 1.50508506916315 2.98863169463632 0.982826417977296 
0.802839116719243 1.50899455778924 2.99855980050424 0.983321123243175 
0.803627760252366 1.50899455778924 2.99855980050424 0.983321123243175 
0.804416403785489 1.50899455778924 2.99855980050424 0.983321123243175 
0.805205047318612 1.50899455778924 2.99855980050424 0.983321123243175 
0.805993690851735 1.51291990686433 3.00851292755657 0.983822507836425 
0.806782334384858 1.51291990686433 3.00851292755657 0.983822507836425 
0.807570977917981 1.51291990686433 3.00851292755657 0.983822507836425 
0.808359621451104 1.51291990686433 3.00851292755657 0.983822507836425 
0.809148264984227 1.51686114052918 3.01849117843433 0.984330610069928 
0.80993690851735 1.51686114052918 3.01849117843433 0.984330610069928 
0.810725552050473 1.51686114052918 3.01849117843433 0.984330610069928 
0.811514195583596 1.51686114052918 3.01849117843433 0.984330610069928 
0.812302839116719 1.5208182831312 3.02849465588048 0.984845468492292 
0.813091482649842 1.5208182831312 3.02849465588048 0.984845468492292 
0.813880126182965 1.5208182831312 3.02849465588048 0.984845468492292 
0.814668769716088 1.5208182831312 3.02849465588048 0.984845468492292 
0.815457413249211 1.52479135922463 3.03852346274202 0.98536712188926 
0.816246056782334 1.52479135922463 3.03852346274202 0.98536712188926 
0.817034700315457 1.52479135922463 3.03852346274202 0.98536712188926 
0.81782334384858 1.52479135922463 3.03852346274202 0.98536712188926 
0.818611987381703 1.52878039356978 3.0485777019699 0.98589560928501 
0.819400630914827 1.52878039356978 3.0485777019699 0.98589560928501 
0.82018927444795 1.52878039356978 3.0485777019699 0.98589560928501 
0.820977917981073 1.52878039356978 3.0485777019699 0.98589560928501 
0.821766561514196 1.53278541113313 3.05865747662087 0.986430969943566 
0.822555205047319 1.53278541113313 3.05865747662087 0.986430969943566 
0.823343848580442 1.53278541113313 3.05865747662087 0.986430969943566 
0.824132492113565 1.53278541113313 3.05865747662087 0.986430969943566 
0.824921135646688 1.53680643708708 3.06876288985841 0.986973243370175 
0.825709779179811 1.53680643708708 3.06876288985841 0.986973243370175 
0.826498422712934 1.53680643708708 3.06876288985841 0.986973243370175 
0.827287066246057 1.53680643708708 3.06876288985841 0.986973243370175 
0.82807570977918 1.5408434968093 3.07889404495297 0.987522469312647 
0.828864353312303 1.5408434968093 3.07889404495297 0.987522469312647 
0.829652996845426 1.5408434968093 3.07889404495297 0.987522469312647 
0.830441640378549 1.5408434968093 3.07889404495297 0.987522469312647 
0.831230283911672 1.54489661588296 3.08905104528396 0.988078687762808 
0.832018927444795 1.54489661588296 3.08905104528396 0.988078687762808 
0.832807570977918 1.54489661588296 3.08905104528396 0.988078687762808 
0.833596214511041 1.54489661588296 3.08905104528396 0.988078687762808 
0.834384858044164 1.54896582009602 3.09923399433972 0.988641938957838 
0.835173501577287 1.54896582009602 3.09923399433972 0.988641938957838 
0.83596214511041 1.54896582009602 3.09923399433972 0.988641938957838 
0.836750788643533 1.54896582009602 3.09923399433972 0.988641938957838 
0.837539432176656 1.55305113544132 3.10944299571922 0.989212263381734 
0.838328075709779 1.55305113544132 3.10944299571922 0.989212263381734 
0.839116719242902 1.55305113544132 3.10944299571922 0.989212263381734 
0.839905362776025 1.55305113544132 3.10944299571922 0.989212263381734 
0.840694006309148 1.5571525881163 3.1196781531331 0.989789701766722 
0.841482649842271 1.5571525881163 3.1196781531331 0.989789701766722 
0.842271293375394 1.5571525881163 3.1196781531331 0.989789701766722 
0.843059936908517 1.5571525881163 3.1196781531331 0.989789701766722 
0.84384858044164 1.56127020452246 3.12993957040374 0.990374295094641 
0.844637223974763 1.56127020452246 3.12993957040374 0.990374295094641 
0.845425867507886 1.56127020452246 3.12993957040374 0.990374295094641 
0.846214511041009 1.56127020452246 3.12993957040374 0.990374295094641 
0.847003154574132 1.56540401126554 3.14022735146736 0.990966084598443 
0.847791798107255 1.56540401126554 3.14022735146736 0.990966084598443 
0.848580441640378 1.56540401126554 3.14022735146736 0.990966084598443 
0.849369085173502 1.56540401126554 3.14022735146736 0.990966084598443 
0.850157728706625 1.56955403515483 3.1505416003738 0.991565111763573 
0.850946372239748 1.56955403515483 3.1505416003738 0.991565111763573 
0.851735015772871 1.56955403515483 3.1505416003738 0.991565111763573 
0.852523659305994 1.56955403515483 3.1505416003738 0.991565111763573 
0.853312302839117 1.5737203032033 3.16088242128834 0.992171418329471 
0.85410094637224 1.5737203032033 3.16088242128834 0.992171418329471 
0.854889589905363 1.5737203032033 3.16088242128834 0.992171418329471 
0.855678233438486 1.5737203032033 3.16088242128834 0.992171418329471 
0.856466876971609 1.57790284262732 3.17124991849261 0.992785046291038 
0.857255520504732 1.57790284262732 3.17124991849261 0.992785046291038 
0.858044164037855 1.57790284262732 3.17124991849261 0.992785046291038 
0.858832807570978 1.57790284262732 3.17124991849261 0.992785046291038 
0.859621451104101 1.58210168084614 3.18164419638465 0.993406037900055 
0.860410094637224 1.58210168084614 3.18164419638465 0.993406037900055 
0.861198738170347 1.58210168084614 3.18164419638465 0.993406037900055 
0.86198738170347 1.58210168084614 3.18164419638465 0.993406037900055 
0.862776025236593 1.5863168454821 3.19206535948102 0.99403443566673 
0.863564668769716 1.5863168454821 3.19206535948102 0.99403443566673 
0.864353312302839 1.5863168454821 3.19206535948102 0.99403443566673 
0.865141955835962 1.5863168454821 3.19206535948102 0.99403443566673 
0.865930599369085 1.59054836435991 3.20251351241649 0.994670282361126 
0.866719242902208 1.59054836435991 3.20251351241649 0.994670282361126 
0.867507886435331 1.59054836435991 3.20251351241649 0.994670282361126 
0.868296529968454 1.59054836435991 3.20251351241649 0.994670282361126 
0.869085173501577 1.59479626550695 3.21298875994615 0.995313621014719 
0.8698738170347 1.59479626550695 3.21298875994615 0.995313621014719 
0.870662460567823 1.59479626550695 3.21298875994615 0.995313621014719 
0.871451104100946 1.59479626550695 3.21298875994615 0.995313621014719 
0.872239747634069 1.59906057715258 3.22349120694512 0.995964494921844 
0.873028391167192 1.59906057715258 3.22349120694512 0.995964494921844 
0.873817034700315 1.59906057715258 3.22349120694512 0.995964494921844 
0.874605678233438 1.59906057715258 3.22349120694512 0.995964494921844 
0.875394321766562 1.60334132772821 3.23402095841033 0.996622947641262 
0.876182965299685 1.60334132772821 3.23402095841033 0.996622947641262 
0.876971608832808 1.60334132772821 3.23402095841033 0.996622947641262 
0.877760252365931 1.60334132772821 3.23402095841033 0.996622947641262 
0.878548895899054 1.60763854586716 3.24457811946141 0.997289022997686 
0.879337539432177 1.60763854586716 3.24457811946141 0.997289022997686 
0.8801261829653 1.60763854586716 3.24457811946141 0.997289022997686 
0.880914826498423 1.60763854586716 3.24457811946141 0.997289022997686 
0.881703470031546 1.61195226040409 3.25516279534066 0.99796276508326 
0.882492113564669 1.61195226040409 3.25516279534066 0.99796276508326 
0.883280757097792 1.61195226040409 3.25516279534066 0.99796276508326 
0.884069400630915 1.61195226040409 3.25516279534066 0.99796276508326 
0.884858044164038 1.61628250037522 3.26577509141513 0.998644218259181 
0.885646687697161 1.61628250037522 3.26577509141513 0.998644218259181 
0.886435331230284 1.61628250037522 3.26577509141513 0.998644218259181 
0.887223974763407 1.61628250037522 3.26577509141513 0.998644218259181 
0.88801261829653 1.6206292950177 3.27641511317628 0.999333427157175 
0.888801261829653 1.6206292950177 3.27641511317628 0.999333427157175 
0.889589905362776 1.6206292950177 3.27641511317628 0.999333427157175 
0.890378548895899 1.6206292950177 3.27641511317628 0.999333427157175 
0.891167192429022 1.62499267376974 3.28708296624176 1.00003043668112 
0.891955835962145 1.62499267376974 3.28708296624176 1.00003043668112 
0.892744479495268 1.62499267376974 3.28708296624176 1.00003043668112 
0.893533123028391 1.62499267376974 3.28708296624176 1.00003043668112 
0.894321766561514 1.62937266627041 3.29777875635622 1.00073529200861 
0.895110410094637 1.62937266627041 3.29777875635622 1.00073529200861 
0.89589905362776 1.62937266627041 3.29777875635622 1.00073529200861 
0.896687697160883 1.62937266627041 3.29777875635622 1.00073529200861 
0.897476340694006 1.63376930235911 3.30850258939127 1.0014480385925 
0.898264984227129 1.63376930235911 3.30850258939127 1.0014480385925 
0.899053627760252 1.63376930235911 3.30850258939127 1.0014480385925 
0.899842271293375 1.63376930235911 3.30850258939127 1.0014480385925 
0.900630914826498 1.63818261207585 3.31925457134756 1.00216872216253 
0.901419558359621 1.63818261207585 3.31925457134756 1.00216872216253 
0.902208201892744 1.63818261207585 3.31925457134756 1.00216872216253 
0.902996845425867 1.63818261207585 3.31925457134756 1.00216872216253 
0.90378548895899 1.64261262566055 3.33003480835435 1.00289738872691 
0.904574132492113 1.64261262566055 3.33003480835435 1.00289738872691 
0.905362776025237 1.64261262566055 3.33003480835435 1.00289738872691 
0.90615141955836 1.64261262566055 3.33003480835435 1.00289738872691 
0.906940063091483 1.64705937355325 3.34084340667127 1.00363408457395 
0.907728706624606 1.64705937355325 3.34084340667127 1.00363408457395 
0.908517350157729 1.64705937355325 3.34084340667127 1.00363408457395 
0.909305993690852 1.64705937355325 3.34084340667127 1.00363408457395 
0.910094637223975 1.65152288639393 3.35168047268914 1.00437885627366 
0.910883280757098 1.65152288639393 3.35168047268914 1.00437885627366 
0.911671924290221 1.65152288639393 3.35168047268914 1.00437885627366 
0.912460567823344 1.65152288639393 3.35168047268914 1.00437885627366 
0.913249211356467 1.6560031950219 3.36254611292986 1.00513175067938 
0.91403785488959 1.6560031950219 3.36254611292986 1.00513175067938 
0.914826498422713 1.6560031950219 3.36254611292986 1.00513175067938 
0.915615141955836 1.6560031950219 3.36254611292986 1.00513175067938 
0.916403785488959 1.66050033047621 3.37344043404845 1.00589281492946 
0.917192429022082 1.66050033047621 3.37344043404845 1.00589281492946 
0.917981072555205 1.66050033047621 3.37344043404845 1.00589281492946 
0.918769716088328 1.66050033047621 3.37344043404845 1.00589281492946 
0.919558359621451 1.66501432399489 3.38436354283261 1.0066620964488 
0.920347003154574 1.66501432399489 3.38436354283261 1.0066620964488 
0.921135646687697 1.66501432399489 3.38436354283261 1.0066620964488 
0.92192429022082 1.66501432399489 3.38436354283261 1.0066620964488 
0.922712933753943 1.66954520701534 3.39531554620473 1.00743964295066 
0.923501577287066 1.66954520701534 3.39531554620473 1.00743964295066 
0.924290220820189 1.66954520701534 3.39531554620473 1.00743964295066 
0.925078864353312 1.66954520701534 3.39531554620473 1.00743964295066 
0.925867507886435 1.6740930111736 3.40629655122148 1.0082255024382 
0.926656151419558 1.6740930111736 3.40629655122148 1.0082255024382 
0.927444794952681 1.6740930111736 3.40629655122148 1.0082255024382 
0.928233438485804 1.6740930111736 3.40629655122148 1.0082255024382 
0.929022082018927 1.6786577683046 3.41730666507546 1.00901972320623 
0.92981072555205 1.6786577683046 3.41730666507546 1.00901972320623 
0.930599369085173 1.6786577683046 3.41730666507546 1.00901972320623 
0.931388012618297 1.6786577683046 3.41730666507546 1.00901972320623 
0.93217665615142 1.68323951044199 3.42834599509603 1.00982235384288 
0.932965299684543 1.68323951044199 3.42834599509603 1.00982235384288 
0.933753943217666 1.68323951044199 3.42834599509603 1.00982235384288 
0.934542586750789 1.68323951044199 3.42834599509603 1.00982235384288 
0.935331230283912 1.68783826981758 3.43941464874909 1.01063344323127 
0.936119873817035 1.68783826981758 3.43941464874909 1.01063344323127 
0.936908517350158 1.68783826981758 3.43941464874909 1.01063344323127 
0.937697160883281 1.68783826981758 3.43941464874909 1.01063344323127 
0.938485804416404 1.6924540788617 3.45051273363912 1.01145304055129 
0.939274447949527 1.6924540788617 3.45051273363912 1.01145304055129 
0.94006309148265 1.6924540788617 3.45051273363912 1.01145304055129 
0.940851735015773 1.6924540788617 3.45051273363912 1.01145304055129 
0.941640378548896 1.6970869702025 3.46164035750868 1.01228119528121 
0.942429022082019 1.6970869702025 3.46164035750868 1.01228119528121 
0.943217665615142 1.6970869702025 3.46164035750868 1.01228119528121 
0.944006309148265 1.6970869702025 3.46164035750868 1.01228119528121 
0.944794952681388 1.70173697666624 3.47279762824004 1.0131179571995 
0.945583596214511 1.70173697666624 3.47279762824004 1.0131179571995 
0.946372239747634 1.70173697666624 3.47279762824004 1.0131179571995 
0.947160883280757 1.70173697666624 3.47279762824004 1.0131179571995 
0.94794952681388 1.70640413127707 3.48398465385598 1.01396337638655 
0.948738170347003 1.70640413127707 3.48398465385598 1.01396337638655 
0.949526813880126 1.70640413127707 3.48398465385598 1.01396337638655 
0.950315457413249 1.70640413127707 3.48398465385598 1.01396337638655 
0.951104100946372 1.71108846725654 3.49520154251955 1.01481750322637 
0.951892744479495 1.71108846725654 3.49520154251955 1.01481750322637 
0.952681388012618 1.71108846725654 3.49520154251955 1.01481750322637 
0.953470031545741 1.71108846725654 3.49520154251955 1.01481750322637 
0.954258675078864 1.71579001802393 3.50644840253603 1.01568038840842 
0.955047318611987 1.71579001802393 3.50644840253603 1.01568038840842 
0.95583596214511 1.71579001802393 3.50644840253603 1.01568038840842 
0.956624605678233 1.71579001802393 3.50644840253603 1.01568038840842 
0.957413249211356 1.72050881719561 3.51772534235245 1.0165520829293 
0.958201892744479 1.72050881719561 3.51772534235245 1.0165520829293 
0.958990536277602 1.72050881719561 3.51772534235245 1.0165520829293 
0.959779179810725 1.72050881719561 3.51772534235245 1.0165520829293 
0.960567823343849 1.72524489858528 3.52903247055914 1.01743263809459 
0.961356466876972 1.72524489858528 3.52903247055914 1.01743263809459 
0.962145110410095 1.72524489858528 3.52903247055914 1.01743263809459 
0.962933753943218 1.72524489858528 3.52903247055914 1.01743263809459 
0.963722397476341 1.72999829620382 3.54036989589052 1.01832210552064 
0.964511041009464 1.72999829620382 3.54036989589052 1.01832210552064 
0.965299684542587 1.72999829620382 3.54036989589052 1.01832210552064 
0.96608832807571 1.72999829620382 3.54036989589052 1.01832210552064 
0.966876971608833 1.73476904425877 3.5517377272248 1.01922053713631 
0.967665615141956 1.73476904425877 3.5517377272248 1.01922053713631 
0.968454258675079 1.73476904425877 3.5517377272248 1.01922053713631 
0.969242902208202 1.73476904425877 3.5517377272248 1.01922053713631 
0.970031545741325 1.73955717715469 3.56313607358597 1.02012798518485 
0.970820189274448 1.73955717715469 3.56313607358597 1.02012798518485 
0.971608832807571 1.73955717715469 3.56313607358597 1.02012798518485 
0.972397476340694 1.73955717715469 3.56313607358597 1.02012798518485 
0.973186119873817 1.74436272949253 3.57456504414314 1.02104450222565 
0.97397476340694 1.74436272949253 3.57456504414314 1.02104450222565 
0.974763406940063 1.74436272949253 3.57456504414314 1.02104450222565 
0.975552050473186 1.74436272949253 3.57456504414314 1.02104450222565 
0.976340694006309 1.74918573607 3.58602474821256 1.02197014113617 
0.977129337539432 1.74918573607 3.58602474821256 1.02197014113617 
0.977917981072555 1.74918573607 3.58602474821256 1.02197014113617 
0.978706624605678 1.74918573607 3.58602474821256 1.02197014113617 
0.979495268138801 1.75402623188093 3.59751529525694 1.02290495511365 
0.980283911671924 1.75402623188093 3.59751529525694 1.02290495511365 
0.981072555205047 1.75402623188093 3.59751529525694 1.02290495511365 
0.98186119873817 1.75402623188093 3.59751529525694 1.02290495511365 
0.982649842271293 1.75888425211552 3.60903679488713 1.02384899767707 
0.983438485804416 1.75888425211552 3.60903679488713 1.02384899767707 
0.984227129337539 1.75888425211552 3.60903679488713 1.02384899767707 
0.985015772870662 1.75888425211552 3.60903679488713 1.02384899767707 
0.985804416403785 1.76375983216021 3.6205893568627 1.02480232266901 
0.986593059936908 1.76375983216021 3.6205893568627 1.02480232266901 
0.987381703470032 1.76375983216021 3.6205893568627 1.02480232266901 
0.988170347003155 1.76375983216021 3.6205893568627 1.02480232266901 
0.988958990536278 1.76865300759718 3.63217309109169 1.02576498425741 
0.989747634069401 1.76865300759718 3.63217309109169 1.02576498425741 
0.990536277602524 1.76865300759718 3.63217309109169 1.02576498425741 
0.991324921135647 1.76865300759718 3.63217309109169 1.02576498425741 
0.99211356466877 1.77356381420473 3.64378810763247 1.02673703693762 
0.992902208201893 1.77356381420473 3.64378810763247 1.02673703693762 
0.993690851735016 1.77356381420473 3.64378810763247 1.02673703693762 
0.994479495268139 1.77356381420473 3.64378810763247 1.02673703693762 
0.995268138801262 1.77849228795663 3.65543451669308 1.02771853553414 
0.996056782334385 1.77849228795663 3.65543451669308 1.02771853553414 
0.996845425867508 1.77849228795663 3.65543451669308 1.02771853553414 
0.997634069400631 1.77849228795663 3.65543451669308 1.02771853553414 
0.998422712933754 1.77961885906473 3.65809434832046 1.02794425159318 
0.999211356466877 1.77961885906473 3.65809434832046 1.02794425159318 
1 1.77961885906473 3.65809434832046 1.02794425159318 
